NAME : amtsp
TYPE : ATSP
DIMENSION : 12
EDGE_WEIGHT_TYPE : EXPLICIT
EDGE_WEIGHT_FORMAT : FULL_MATRIX
EDGE_WEIGHT_SECTION
100000 -100000 100000 100000 100000 100000 100000 100000 100000 100000 100000 100000 
100000 100000 1380 298 515 2528 5058 4943 4873 4775 4807 4867 
0 0 100000 1093 2343 3511 5857 5675 5540 5202 5146 5102 
0 0 1093 100000 250 2321 5339 5250 5202 5156 5199 5268 
0 0 2343 250 100000 1579 5261 5206 5187 5232 5303 5402 
0 0 3511 2321 1579 100000 5051 5109 5188 5521 5676 5865 
0 0 5857 5339 5261 5051 100000 -161 584 2721 3086 3502 
0 0 5675 5250 5206 5109 -161 100000 265 2297 2662 3078 
0 0 5540 5202 5187 5188 584 265 100000 821 2293 2710 
0 0 5202 5156 5232 5521 2721 2297 821 100000 243 557 
0 0 5146 5199 5303 5676 3086 2662 2293 243 100000 -188 
0 0 5102 5268 5402 5865 3502 3078 2710 557 -188 100000 
